          Capital                  Labor               Real Value Added
 YEAR    20     36     37      20     36     37       20     36     37

  72  243462 291610 1209188 708014 881231 1259142  6496.96 6713.75 11150.0
  73  252402 314728 1330372 699470 960917 1371795  5587.34 7551.68 12853.6
  74  246243 278746 1157371 697628 899144 1263084  5521.32 6776.40 10450.8
  75  263639 264050 1070860 674830 739485 1118226  5890.64 5554.89  9318.3
  76  276938 286152 1233475 685836 791485 1274345  6548.57 6589.67 12097.7
  77  290910 286584 1355769 678440 832818 1369877  6744.80 7232.56 12844.8
  78  295616 280025 1351667 667951 851178 1451595  6694.19 7417.01 13309.9
  79  301929 279806 1326248 675147 848950 1328683  6541.68 7425.69 13402.3
  80  307346 258823 1089545 658027 779393 1077207  6587.33 6410.91  8571.0
  81  302224 264913 1111942 627551 757462 1056231  6746.77 6263.26  8739.7
  82  288805 247491  988165 609204 664834  947502  7278.30 5718.46  8140.0
  83  291094 246028 1069651 604601 664249 1057159  7514.78 5936.93 10958.4
  84  285601 256971 1191677 601688 717273 1169442  7539.93 6659.30 10838.9
  85  292026 248237 1246536 584288 678155 1195255  8332.65 6632.67 10030.5
  86  294777 261943 1281262 571454 670927 1171664  8506.37 6651.02 10836.5
